crossing time (s)	slope (V/s)	crossing number
228137225000000.000000	64.359184	46	0.000000
229164958000000.000000	64.917397	47	0.000000
230202404000000.000000	64.835518	48	0.000000
231242113000000.000000	68.690025	49	0.000000
232265934000000.000000	71.639847	50	0.000000
233314430000000.000000	68.849083	51	0.000000
234333898000000.000000	72.734665	52	0.000000
235383573000000.000000	66.071411	53	0.000000
236405247000000.000000	69.481499	54	0.000000
237453252000000.000000	63.704800	55	0.000000
238477938000000.000000	69.235191	56	0.000000
239522662000000.000000	65.507912	57	0.000000
240548616000000.000000	70.885612	58	0.000000
241590964000000.000000	66.067924	59	0.000000
242617094000000.000000	69.404030	60	0.000000
243663412000000.000000	60.936413	61	0.000000
244686782000000.000000	67.843956	62	0.000000
245735710000000.000000	67.201683	63	0.000000
246754896000000.000000	69.238304	64	0.000000
247805969000000.000000	65.048531	65	0.000000
248825707000000.000000	65.053993	66	0.000000
249873736000000.000000	67.845703	67	0.000000
250899941000000.000000	67.553818	68	0.000000
251937098000000.000000	65.104225	69	0.000000
252977127000000.000000	64.987251	70	0.000000
254002185000000.000000	64.028214	71	0.000000
255049166000000.000000	65.534996	72	0.000000
256074595000000.000000	60.151268	73	0.000000
257114104000000.000000	68.278961	74	0.000000
258152141000000.000000	63.968452	75	0.000000
259176331000000.000000	66.913658	76	0.000000
260226758000000.000000	63.250210	77	0.000000
261245619000000.000000	67.498619	78	0.000000
262292750000000.000000	67.449028	79	0.000000
263323209000000.000000	61.099079	80	0.000000
264355116000000.000000	66.318535	81	0.000000
265399239000000.000000	64.226402	82	0.000000
266422388000000.000000	62.819126	83	0.000000
267468374000000.000000	66.974136	84	0.000000
268496815000000.000000	62.331451	85	0.000000
269532079000000.000000	66.804276	86	0.000000
270572699000000.000000	61.014927	87	0.000000
271596823000000.000000	65.744682	88	0.000000
272646887000000.000000	63.572136	89	0.000000
273664603000000.000000	64.879433	90	0.000000
274717323000000.000000	64.390312	91	0.000000
275735990000000.000000	63.838360	92	0.000000
276785679000000.000000	62.605495	93	0.000000
277808399000000.000000	62.210716	94	0.000000
278852762000000.000000	63.520607	95	0.000000
279881486000000.000000	61.499363	96	0.000000
280921098000000.000000	63.441925	97	0.000000
281474976710655.000000	62.727318	98	0.000000
281474976710655.000000	64.974686	99	0.000000
281474976710655.000000	60.909565	100	0.000000
281474976710655.000000	63.470924	101	0.000000
281474976710655.000000	60.778080	102	0.000000
281474976710655.000000	61.634712	103	0.000000
281474976710655.000000	62.318161	104	0.000000
281474976710655.000000	63.519329	105	0.000000
281474976710655.000000	62.684696	106	0.000000
281474976710655.000000	60.327625	107	0.000000
281474976710655.000000	61.746464	108	0.000000
281474976710655.000000	59.698807	109	0.000000
281474976710655.000000	60.267998	110	0.000000
281474976710655.000000	61.473434	111	0.000000
281474976710655.000000	62.960495	112	0.000000
281474976710655.000000	59.273869	113	0.000000
281474976710655.000000	64.330391	114	0.000000
281474976710655.000000	58.157326	115	0.000000
281474976710655.000000	61.668793	116	0.000000
281474976710655.000000	57.920883	117	0.000000
281474976710655.000000	60.608494	118	0.000000
281474976710655.000000	59.475380	119	0.000000
281474976710655.000000	62.375233	120	0.000000
281474976710655.000000	60.624660	121	0.000000
281474976710655.000000	61.790237	122	0.000000
281474976710655.000000	59.381042	123	0.000000
281474976710655.000000	58.441845	124	0.000000
281474976710655.000000	59.352867	125	0.000000
281474976710655.000000	57.561989	126	0.000000
281474976710655.000000	60.122879	127	0.000000
281474976710655.000000	60.455395	128	0.000000
281474976710655.000000	58.401188	129	0.000000
281474976710655.000000	61.934643	130	0.000000
281474976710655.000000	57.007996	131	0.000000
281474976710655.000000	60.208302	132	0.000000
281474976710655.000000	56.083508	133	0.000000
281474976710655.000000	60.384018	134	0.000000
281474976710655.000000	56.112926	135	0.000000
281474976710655.000000	61.832031	136	0.000000
281474976710655.000000	55.405857	137	0.000000
281474976710655.000000	60.870697	138	0.000000
281474976710655.000000	54.124386	139	0.000000
281474976710655.000000	59.731304	140	0.000000
281474976710655.000000	55.016693	141	0.000000
281474976710655.000000	60.800632	142	0.000000
281474976710655.000000	54.753315	143	0.000000
281474976710655.000000	59.004463	144	0.000000
281474976710655.000000	54.099777	145	0.000000
281474976710655.000000	60.239544	146	0.000000
281474976710655.000000	55.140705	147	0.000000
281474976710655.000000	59.349361	148	0.000000
281474976710655.000000	54.268707	149	0.000000
281474976710655.000000	58.041603	150	0.000000
281474976710655.000000	54.738853	151	0.000000
281474976710655.000000	56.561390	152	0.000000
281474976710655.000000	55.676838	153	0.000000
281474976710655.000000	55.892010	154	0.000000
281474976710655.000000	58.887932	155	0.000000
281474976710655.000000	55.290169	156	0.000000
281474976710655.000000	57.327286	157	0.000000
281474976710655.000000	55.066898	158	0.000000
281474976710655.000000	55.875996	159	0.000000
281474976710655.000000	56.428055	160	0.000000
281474976710655.000000	54.179348	161	0.000000
281474976710655.000000	56.240101	162	0.000000
281474976710655.000000	53.479698	163	0.000000
281474976710655.000000	57.469906	164	0.000000
281474976710655.000000	52.745602	165	0.000000
281474976710655.000000	57.691422	166	0.000000
281474976710655.000000	52.070831	167	0.000000
281474976710655.000000	56.598415	168	0.000000
281474976710655.000000	52.869579	169	0.000000
281474976710655.000000	56.926773	170	0.000000
281474976710655.000000	52.353157	171	0.000000
281474976710655.000000	56.505474	172	0.000000
281474976710655.000000	51.553638	173	0.000000
281474976710655.000000	56.402405	174	0.000000
281474976710655.000000	52.851643	175	0.000000
281474976710655.000000	55.845207	176	0.000000
281474976710655.000000	52.836376	177	0.000000
281474976710655.000000	54.449570	178	0.000000
281474976710655.000000	52.331448	179	0.000000
281474976710655.000000	55.280605	180	0.000000
281474976710655.000000	52.466503	181	0.000000
281474976710655.000000	54.669655	182	0.000000
281474976710655.000000	51.703007	183	0.000000
281474976710655.000000	54.394112	184	0.000000
281474976710655.000000	51.994747	185	0.000000
281474976710655.000000	54.346729	186	0.000000
281474976710655.000000	51.464165	187	0.000000
281474976710655.000000	54.812977	188	0.000000
281474976710655.000000	50.397984	189	0.000000
281474976710655.000000	55.136955	190	0.000000
281474976710655.000000	49.564857	191	0.000000
281474976710655.000000	54.457634	192	0.000000
281474976710655.000000	50.260208	193	0.000000
281474976710655.000000	53.406166	194	0.000000
281474976710655.000000	49.464779	195	0.000000
281474976710655.000000	53.674850	196	0.000000
281474976710655.000000	48.890205	197	0.000000
281474976710655.000000	54.430305	198	0.000000
281474976710655.000000	48.872990	199	0.000000
281474976710655.000000	53.621460	200	0.000000
281474976710655.000000	50.165318	201	0.000000
281474976710655.000000	52.289124	202	0.000000
281474976710655.000000	51.571888	203	0.000000
281474976710655.000000	50.529022	204	0.000000
281474976710655.000000	50.985222	205	0.000000
281474976710655.000000	50.452702	206	0.000000
281474976710655.000000	51.536697	207	0.000000
281474976710655.000000	49.920998	208	0.000000
281474976710655.000000	51.505657	209	0.000000
281474976710655.000000	48.805862	210	0.000000
281474976710655.000000	50.294758	211	0.000000
281474976710655.000000	50.513607	212	0.000000
281474976710655.000000	50.071815	213	0.000000
281474976710655.000000	51.112286	214	0.000000
281474976710655.000000	49.210369	215	0.000000
281474976710655.000000	51.147541	216	0.000000
281474976710655.000000	48.617527	217	0.000000
281474976710655.000000	50.388931	218	0.000000
281474976710655.000000	47.872131	219	0.000000
281474976710655.000000	50.781403	220	0.000000
281474976710655.000000	47.793331	221	0.000000
281474976710655.000000	50.400749	222	0.000000
281474976710655.000000	48.353943	223	0.000000
281474976710655.000000	49.375969	224	0.000000
281474976710655.000000	48.229816	225	0.000000
281474976710655.000000	48.501263	226	0.000000
281474976710655.000000	48.654961	227	0.000000
281474976710655.000000	47.832130	228	0.000000
281474976710655.000000	49.126575	229	0.000000
281474976710655.000000	47.234947	230	0.000000
281474976710655.000000	49.919788	231	0.000000
281474976710655.000000	46.311092	232	0.000000
281474976710655.000000	49.624218	233	0.000000
281474976710655.000000	46.165413	234	0.000000
281474976710655.000000	49.053883	235	0.000000
281474976710655.000000	47.749432	236	0.000000
281474976710655.000000	46.963463	237	0.000000
281474976710655.000000	48.511948	238	0.000000
281474976710655.000000	45.495613	239	0.000000
281474976710655.000000	49.391087	240	0.000000
281474976710655.000000	44.881924	241	0.000000
281474976710655.000000	48.993328	242	0.000000
281474976710655.000000	44.503780	243	0.000000
281474976710655.000000	49.673496	244	0.000000
281474976710655.000000	44.216244	245	0.000000
281474976710655.000000	49.902039	246	0.000000
281474976710655.000000	43.742596	247	0.000000
281474976710655.000000	48.958241	248	0.000000
281474976710655.000000	43.483276	249	0.000000
281474976710655.000000	48.823101	250	0.000000
281474976710655.000000	43.289860	251	0.000000
281474976710655.000000	48.827419	252	0.000000
281474976710655.000000	43.107948	253	0.000000
281474976710655.000000	48.348133	254	0.000000
281474976710655.000000	42.855061	255	0.000000
281474976710655.000000	48.170513	256	0.000000
281474976710655.000000	42.896046	257	0.000000
281474976710655.000000	47.913364	258	0.000000
281474976710655.000000	42.967052	259	0.000000
281474976710655.000000	47.101833	260	0.000000
281474976710655.000000	42.979122	261	0.000000
281474976710655.000000	47.344975	262	0.000000
281474976710655.000000	43.471645	263	0.000000
281474976710655.000000	45.959099	264	0.000000
281474976710655.000000	44.576981	265	0.000000
281474976710655.000000	44.712368	266	0.000000
281474976710655.000000	45.105911	267	0.000000
281474976710655.000000	44.521004	268	0.000000
281474976710655.000000	45.159203	269	0.000000
281474976710655.000000	43.095688	270	0.000000
281474976710655.000000	46.157223	271	0.000000
281474976710655.000000	42.188030	272	0.000000
281474976710655.000000	45.191406	273	0.000000
281474976710655.000000	42.550373	274	0.000000
281474976710655.000000	44.420433	275	0.000000
281474976710655.000000	43.528275	276	0.000000
281474976710655.000000	43.761929	277	0.000000
281474976710655.000000	43.100746	278	0.000000
281474976710655.000000	43.451805	279	0.000000
281474976710655.000000	43.051598	280	0.000000
281474976710655.000000	42.639469	281	0.000000
281474976710655.000000	43.147659	282	0.000000
281474976710655.000000	42.763206	283	0.000000
281474976710655.000000	43.345615	284	0.000000
281474976710655.000000	43.633545	285	0.000000
281474976710655.000000	42.290909	286	0.000000
281474976710655.000000	42.779972	287	0.000000
281474976710655.000000	41.505123	288	0.000000
281474976710655.000000	43.132118	289	0.000000
281474976710655.000000	40.872776	290	0.000000
281474976710655.000000	43.401516	291	0.000000
281474976710655.000000	40.897228	292	0.000000
281474976710655.000000	43.883286	293	0.000000
281474976710655.000000	40.307098	294	0.000000
281474976710655.000000	43.476570	295	0.000000
281474976710655.000000	40.844067	296	0.000000
281474976710655.000000	42.835480	297	0.000000
281474976710655.000000	41.471546	298	0.000000
281474976710655.000000	41.864437	299	0.000000
281474976710655.000000	41.717266	300	0.000000
281474976710655.000000	40.415321	301	0.000000
281474976710655.000000	42.868355	302	0.000000
281474976710655.000000	39.195202	303	0.000000
281474976710655.000000	43.426727	304	0.000000
281474976710655.000000	38.709064	305	0.000000
281474976710655.000000	43.304508	306	0.000000
281474976710655.000000	38.271641	307	0.000000
281474976710655.000000	42.694767	308	0.000000
281474976710655.000000	38.101048	309	0.000000
281474976710655.000000	42.932724	310	0.000000
281474976710655.000000	37.848972	311	0.000000
281474976710655.000000	43.446991	312	0.000000
281474976710655.000000	38.169231	313	0.000000
281474976710655.000000	43.138008	314	0.000000
281474976710655.000000	37.774666	315	0.000000
281474976710655.000000	42.559299	316	0.000000
281474976710655.000000	37.664490	317	0.000000
281474976710655.000000	42.288170	318	0.000000
281474976710655.000000	37.371700	319	0.000000
281474976710655.000000	41.386425	320	0.000000
281474976710655.000000	37.608566	321	0.000000
281474976710655.000000	40.696575	322	0.000000
281474976710655.000000	37.999840	323	0.000000
281474976710655.000000	39.973248	324	0.000000
281474976710655.000000	39.159828	325	0.000000
281474976710655.000000	38.724846	326	0.000000
281474976710655.000000	39.943024	327	0.000000
281474976710655.000000	38.060162	328	0.000000
281474976710655.000000	40.231495	329	0.000000
281474976710655.000000	37.638889	330	0.000000
281474976710655.000000	40.368328	331	0.000000
281474976710655.000000	37.320705	332	0.000000
281474976710655.000000	40.079716	333	0.000000
281474976710655.000000	37.140598	334	0.000000
281474976710655.000000	39.767235	335	0.000000
281474976710655.000000	37.101345	336	0.000000
281474976710655.000000	38.686470	337	0.000000
281474976710655.000000	37.397202	338	0.000000
281474976710655.000000	38.080650	339	0.000000
281474976710655.000000	37.798637	340	0.000000
281474976710655.000000	38.417500	341	0.000000
281474976710655.000000	37.278721	342	0.000000
281474976710655.000000	38.483147	343	0.000000
281474976710655.000000	36.942570	344	0.000000
281474976710655.000000	38.464256	345	0.000000
281474976710655.000000	36.147835	346	0.000000
281474976710655.000000	38.450714	347	0.000000
281474976710655.000000	36.305428	348	0.000000
281474976710655.000000	38.448177	349	0.000000
