crossing time (s)	slope (V/s)	crossing number
281474976710655.000000	7.342903	1319	0.000000
281474976710655.000000	6.927649	1320	0.000000
281474976710655.000000	6.758254	1321	0.000000
281474976710655.000000	6.136445	1322	0.000000
281474976710655.000000	7.945910	1323	0.000000
281474976710655.000000	6.203104	1324	0.000000
281474976710655.000000	9.010508	1325	0.000000
281474976710655.000000	7.064156	1326	0.000000
281474976710655.000000	9.049879	1327	0.000000
281474976710655.000000	7.998701	1328	0.000000
281474976710655.000000	8.154339	1329	0.000000
281474976710655.000000	8.203544	1330	0.000000
281474976710655.000000	7.541491	1331	0.000000
281474976710655.000000	7.516294	1332	0.000000
281474976710655.000000	7.756259	1333	0.000000
281474976710655.000000	7.797878	1334	0.000000
281474976710655.000000	7.144855	1335	0.000000
281474976710655.000000	7.060483	1336	0.000000
281474976710655.000000	7.410744	1337	0.000000
281474976710655.000000	6.577315	1338	0.000000
281474976710655.000000	8.254885	1339	0.000000
281474976710655.000000	6.894541	1340	0.000000
281474976710655.000000	8.670588	1341	0.000000
281474976710655.000000	7.494926	1342	0.000000
281474976710655.000000	8.089836	1343	0.000000
281474976710655.000000	7.196871	1344	0.000000
281474976710655.000000	8.761477	1345	0.000000
281474976710655.000000	7.416630	1346	0.000000
281474976710655.000000	8.716430	1347	0.000000
281474976710655.000000	6.939306	1348	0.000000
281474976710655.000000	8.767472	1349	0.000000
281474976710655.000000	6.358774	1350	0.000000
281474976710655.000000	9.479536	1351	0.000000
281474976710655.000000	6.407220	1352	0.000000
281474976710655.000000	10.288952	1353	0.000000
281474976710655.000000	7.337125	1354	0.000000
281474976710655.000000	9.578324	1355	0.000000
281474976710655.000000	7.280967	1356	0.000000
281474976710655.000000	9.095016	1357	0.000000
281474976710655.000000	6.979209	1358	0.000000
281474976710655.000000	9.602321	1359	0.000000
281474976710655.000000	7.596813	1360	0.000000
281474976710655.000000	9.272614	1361	0.000000
281474976710655.000000	7.535560	1362	0.000000
281474976710655.000000	9.519666	1363	0.000000
281474976710655.000000	8.169744	1364	0.000000
281474976710655.000000	9.551379	1365	0.000000
281474976710655.000000	8.536524	1366	0.000000
281474976710655.000000	9.003825	1367	0.000000
281474976710655.000000	8.647431	1368	0.000000
281474976710655.000000	8.650012	1369	0.000000
281474976710655.000000	8.454488	1370	0.000000
281474976710655.000000	8.560589	1371	0.000000
281474976710655.000000	8.134912	1372	0.000000
281474976710655.000000	8.543713	1373	0.000000
281474976710655.000000	7.686648	1374	0.000000
281474976710655.000000	9.282171	1375	0.000000
281474976710655.000000	7.808251	1376	0.000000
281474976710655.000000	9.614957	1377	0.000000
281474976710655.000000	7.707235	1378	0.000000
281474976710655.000000	10.306872	1379	0.000000
281474976710655.000000	8.060743	1380	0.000000
281474976710655.000000	9.941436	1381	0.000000
281474976710655.000000	7.977595	1382	0.000000
281474976710655.000000	9.591617	1383	0.000000
281474976710655.000000	7.293348	1384	0.000000
281474976710655.000000	10.115969	1385	0.000000
281474976710655.000000	7.172317	1386	0.000000
281474976710655.000000	10.390184	1387	0.000000
281474976710655.000000	7.216252	1388	0.000000
281474976710655.000000	10.709734	1389	0.000000
281474976710655.000000	7.945106	1390	0.000000
281474976710655.000000	10.407936	1391	0.000000
281474976710655.000000	8.142897	1392	0.000000
281474976710655.000000	10.057631	1393	0.000000
281474976710655.000000	8.378835	1394	0.000000
281474976710655.000000	9.365733	1395	0.000000
281474976710655.000000	8.037992	1396	0.000000
281474976710655.000000	9.472930	1397	0.000000
281474976710655.000000	8.293737	1398	0.000000
281474976710655.000000	9.663633	1399	0.000000
281474976710655.000000	8.693776	1400	0.000000
281474976710655.000000	10.016322	1401	0.000000
281474976710655.000000	8.575775	1402	0.000000
281474976710655.000000	9.665053	1403	0.000000
281474976710655.000000	8.843525	1404	0.000000
281474976710655.000000	9.285241	1405	0.000000
281474976710655.000000	8.685155	1406	0.000000
281474976710655.000000	9.309104	1407	0.000000
281474976710655.000000	8.631684	1408	0.000000
281474976710655.000000	9.407882	1409	0.000000
281474976710655.000000	8.355976	1410	0.000000
281474976710655.000000	9.786391	1411	0.000000
281474976710655.000000	8.286877	1412	0.000000
281474976710655.000000	9.961376	1413	0.000000
281474976710655.000000	8.448192	1414	0.000000
281474976710655.000000	9.848594	1415	0.000000
281474976710655.000000	8.761428	1416	0.000000
281474976710655.000000	10.098876	1417	0.000000
281474976710655.000000	8.643277	1418	0.000000
281474976710655.000000	10.298138	1419	0.000000
281474976710655.000000	8.827965	1420	0.000000
281474976710655.000000	9.931678	1421	0.000000
281474976710655.000000	8.487309	1422	0.000000
281474976710655.000000	10.344426	1423	0.000000
281474976710655.000000	8.212176	1424	0.000000
281474976710655.000000	10.808293	1425	0.000000
281474976710655.000000	8.342556	1426	0.000000
281474976710655.000000	10.953463	1427	0.000000
281474976710655.000000	8.136235	1428	0.000000
281474976710655.000000	10.905464	1429	0.000000
281474976710655.000000	7.901625	1430	0.000000
281474976710655.000000	10.937133	1431	0.000000
281474976710655.000000	8.025702	1432	0.000000
281474976710655.000000	10.736510	1433	0.000000
281474976710655.000000	8.116137	1434	0.000000
281474976710655.000000	10.398079	1435	0.000000
281474976710655.000000	8.057596	1436	0.000000
281474976710655.000000	10.933472	1437	0.000000
281474976710655.000000	8.332166	1438	0.000000
281474976710655.000000	10.704778	1439	0.000000
281474976710655.000000	8.454372	1440	0.000000
281474976710655.000000	10.431917	1441	0.000000
281474976710655.000000	8.485185	1442	0.000000
281474976710655.000000	10.428505	1443	0.000000
281474976710655.000000	8.610817	1444	0.000000
281474976710655.000000	10.472601	1445	0.000000
281474976710655.000000	8.387886	1446	0.000000
281474976710655.000000	10.701943	1447	0.000000
281474976710655.000000	8.540869	1448	0.000000
281474976710655.000000	10.706697	1449	0.000000
281474976710655.000000	8.511263	1450	0.000000
281474976710655.000000	10.631738	1451	0.000000
281474976710655.000000	8.589351	1452	0.000000
281474976710655.000000	10.685390	1453	0.000000
281474976710655.000000	8.629475	1454	0.000000
281474976710655.000000	10.591187	1455	0.000000
281474976710655.000000	8.555318	1456	0.000000
281474976710655.000000	10.731240	1457	0.000000
281474976710655.000000	8.130994	1458	0.000000
281474976710655.000000	11.150864	1459	0.000000
281474976710655.000000	8.240424	1460	0.000000
281474976710655.000000	11.049525	1461	0.000000
281474976710655.000000	8.016739	1462	0.000000
281474976710655.000000	10.954071	1463	0.000000
281474976710655.000000	8.125905	1464	0.000000
281474976710655.000000	11.296743	1465	0.000000
281474976710655.000000	8.136827	1466	0.000000
281474976710655.000000	10.916541	1467	0.000000
281474976710655.000000	8.102924	1468	0.000000
281474976710655.000000	10.768490	1469	0.000000
281474976710655.000000	8.217147	1470	0.000000
281474976710655.000000	10.764480	1471	0.000000
281474976710655.000000	8.587829	1472	0.000000
281474976710655.000000	10.690828	1473	0.000000
281474976710655.000000	8.595391	1474	0.000000
281474976710655.000000	10.330768	1475	0.000000
281474976710655.000000	8.685702	1476	0.000000
281474976710655.000000	10.383082	1477	0.000000
281474976710655.000000	8.849395	1478	0.000000
281474976710655.000000	10.029557	1479	0.000000
281474976710655.000000	8.751386	1480	0.000000
281474976710655.000000	10.318681	1481	0.000000
281474976710655.000000	8.794366	1482	0.000000
281474976710655.000000	10.275475	1483	0.000000
281474976710655.000000	8.830697	1484	0.000000
281474976710655.000000	10.443052	1485	0.000000
281474976710655.000000	8.861099	1486	0.000000
281474976710655.000000	10.463489	1487	0.000000
281474976710655.000000	8.810740	1488	0.000000
281474976710655.000000	10.460700	1489	0.000000
281474976710655.000000	8.894950	1490	0.000000
281474976710655.000000	10.266698	1491	0.000000
281474976710655.000000	8.746628	1492	0.000000
281474976710655.000000	10.258294	1493	0.000000
281474976710655.000000	8.831825	1494	0.000000
281474976710655.000000	10.198140	1495	0.000000
281474976710655.000000	8.597404	1496	0.000000
281474976710655.000000	10.171263	1497	0.000000
281474976710655.000000	8.647051	1498	0.000000
281474976710655.000000	10.611475	1499	0.000000
281474976710655.000000	8.527489	1500	0.000000
281474976710655.000000	10.522895	1501	0.000000
281474976710655.000000	8.316625	1502	0.000000
281474976710655.000000	10.634281	1503	0.000000
281474976710655.000000	8.337909	1504	0.000000
281474976710655.000000	10.765064	1505	0.000000
281474976710655.000000	8.110257	1506	0.000000
281474976710655.000000	10.963636	1507	0.000000
281474976710655.000000	7.916573	1508	0.000000
281474976710655.000000	11.152883	1509	0.000000
281474976710655.000000	7.859497	1510	0.000000
281474976710655.000000	11.095939	1511	0.000000
281474976710655.000000	7.934432	1512	0.000000
281474976710655.000000	10.927760	1513	0.000000
281474976710655.000000	7.964149	1514	0.000000
281474976710655.000000	11.038671	1515	0.000000
281474976710655.000000	7.910006	1516	0.000000
281474976710655.000000	10.919687	1517	0.000000
281474976710655.000000	8.048052	1518	0.000000
281474976710655.000000	10.717866	1519	0.000000
281474976710655.000000	8.005521	1520	0.000000
281474976710655.000000	10.874416	1521	0.000000
281474976710655.000000	7.970719	1522	0.000000
281474976710655.000000	10.778703	1523	0.000000
281474976710655.000000	8.137801	1524	0.000000
281474976710655.000000	10.600781	1525	0.000000
281474976710655.000000	8.172534	1526	0.000000
281474976710655.000000	10.785242	1527	0.000000
281474976710655.000000	8.072990	1528	0.000000
281474976710655.000000	10.930514	1529	0.000000
281474976710655.000000	8.030996	1530	0.000000
281474976710655.000000	10.636906	1531	0.000000
281474976710655.000000	7.962953	1532	0.000000
281474976710655.000000	10.711968	1533	0.000000
281474976710655.000000	7.809460	1534	0.000000
281474976710655.000000	10.899163	1535	0.000000
281474976710655.000000	7.753561	1536	0.000000
281474976710655.000000	10.793266	1537	0.000000
281474976710655.000000	7.640691	1538	0.000000
281474976710655.000000	10.548846	1539	0.000000
281474976710655.000000	7.699775	1540	0.000000
281474976710655.000000	10.784107	1541	0.000000
281474976710655.000000	7.671305	1542	0.000000
281474976710655.000000	11.009407	1543	0.000000
281474976710655.000000	7.693996	1544	0.000000
281474976710655.000000	10.851353	1545	0.000000
281474976710655.000000	7.763483	1546	0.000000
281474976710655.000000	10.669809	1547	0.000000
281474976710655.000000	7.959314	1548	0.000000
281474976710655.000000	10.395092	1549	0.000000
281474976710655.000000	7.963855	1550	0.000000
281474976710655.000000	10.545252	1551	0.000000
281474976710655.000000	8.113837	1552	0.000000
281474976710655.000000	10.395530	1553	0.000000
281474976710655.000000	8.101789	1554	0.000000
281474976710655.000000	10.264394	1555	0.000000
281474976710655.000000	8.299254	1556	0.000000
281474976710655.000000	10.074925	1557	0.000000
281474976710655.000000	8.262598	1558	0.000000
281474976710655.000000	10.107112	1559	0.000000
281474976710655.000000	8.226959	1560	0.000000
281474976710655.000000	9.775694	1561	0.000000
281474976710655.000000	8.191279	1562	0.000000
281474976710655.000000	9.788667	1563	0.000000
281474976710655.000000	8.127473	1564	0.000000
281474976710655.000000	9.998050	1565	0.000000
281474976710655.000000	8.143235	1566	0.000000
281474976710655.000000	9.790964	1567	0.000000
281474976710655.000000	8.116275	1568	0.000000
281474976710655.000000	9.860019	1569	0.000000
281474976710655.000000	8.076221	1570	0.000000
281474976710655.000000	9.844430	1571	0.000000
281474976710655.000000	8.093968	1572	0.000000
281474976710655.000000	9.924700	1573	0.000000
281474976710655.000000	8.030041	1574	0.000000
281474976710655.000000	9.945188	1575	0.000000
281474976710655.000000	7.998506	1576	0.000000
281474976710655.000000	9.950174	1577	0.000000
281474976710655.000000	7.966660	1578	0.000000
281474976710655.000000	10.027183	1579	0.000000
281474976710655.000000	7.871294	1580	0.000000
281474976710655.000000	10.130765	1581	0.000000
281474976710655.000000	7.708048	1582	0.000000
281474976710655.000000	10.186895	1583	0.000000
281474976710655.000000	7.639753	1584	0.000000
281474976710655.000000	10.070579	1585	0.000000
281474976710655.000000	7.438166	1586	0.000000
281474976710655.000000	10.228582	1587	0.000000
281474976710655.000000	7.330589	1588	0.000000
281474976710655.000000	10.255679	1589	0.000000
281474976710655.000000	7.313833	1590	0.000000
281474976710655.000000	10.135746	1591	0.000000
281474976710655.000000	7.223127	1592	0.000000
281474976710655.000000	10.257107	1593	0.000000
281474976710655.000000	7.165554	1594	0.000000
281474976710655.000000	10.079558	1595	0.000000
281474976710655.000000	7.150303	1596	0.000000
281474976710655.000000	10.180018	1597	0.000000
281474976710655.000000	7.139354	1598	0.000000
281474976710655.000000	10.262744	1599	0.000000
281474976710655.000000	7.205050	1600	0.000000
281474976710655.000000	10.293427	1601	0.000000
281474976710655.000000	7.164991	1602	0.000000
281474976710655.000000	10.151321	1603	0.000000
281474976710655.000000	7.157820	1604	0.000000
281474976710655.000000	10.096854	1605	0.000000
281474976710655.000000	7.209920	1606	0.000000
281474976710655.000000	9.945844	1607	0.000000
281474976710655.000000	7.137816	1608	0.000000
281474976710655.000000	10.039968	1609	0.000000
281474976710655.000000	7.050935	1610	0.000000
281474976710655.000000	9.882120	1611	0.000000
281474976710655.000000	6.981390	1612	0.000000
281474976710655.000000	10.050536	1613	0.000000
281474976710655.000000	6.951048	1614	0.000000
281474976710655.000000	10.142319	1615	0.000000
281474976710655.000000	7.005394	1616	0.000000
281474976710655.000000	9.946193	1617	0.000000
281474976710655.000000	6.992280	1618	0.000000
281474976710655.000000	9.875172	1619	0.000000
281474976710655.000000	6.974064	1620	0.000000
281474976710655.000000	9.823370	1621	0.000000
