num crossings	time (s)	maj axis (mm)	min axis (mm)	theta (rad )	slope (V/s)
1945	9092.772866	93.352633	-0.302677	3.790292	26.981787
1947	9094.844647	93.459484	-0.355467	3.791229	27.249271
1949	9096.916256	93.125923	-0.454043	3.793857	26.691221
1951	9098.987960	93.180040	-0.371923	3.792740	26.451312
1953	9101.058415	92.989430	-0.376079	3.793200	26.936471
1955	9103.129654	92.702057	-0.338582	3.791383	26.284596
1957	9105.200305	93.102053	-0.220726	3.791167	27.444286
1959	9107.273415	92.627378	-0.427511	3.792686	26.116539
1961	9109.347056	92.032090	-0.203946	3.794678	26.468557
1963	9111.420245	92.231420	-0.459036	3.797659	27.539966
1965	9113.491573	92.799264	-0.352237	3.791822	27.874198
1967	9115.561610	92.424260	-0.444676	3.790549	27.008903
1969	9117.632394	92.276968	-0.253237	3.789916	25.440407
1971	9119.703848	92.700966	-0.132180	3.790649	26.888208
1973	9121.776629	91.847493	-0.477308	3.788863	26.800637
1975	9123.849328	91.404429	-0.516748	3.793246	26.360343
1977	9125.922510	91.485182	-0.417115	3.794478	26.424496
1979	9127.994934	91.676420	-0.240994	3.791627	26.796436
1981	9130.066565	91.547831	-0.078556	3.791114	26.514748
1983	9132.138209	91.734597	-0.425727	3.790765	26.747431
1985	9134.210202	91.548399	-0.265502	3.791114	26.351277
1987	9136.282110	91.322953	-0.270299	3.790548	25.740015
1989	9138.353581	91.122132	-0.193350	3.788692	25.955999
1991	9140.425699	90.793924	-0.294205	3.790025	25.428293
1993	9142.496483	90.762695	-0.581238	3.788180	26.407769
1995	9144.566641	90.693462	-0.385511	3.793042	26.251326
1997	9146.637257	91.098948	-0.306745	3.794846	25.533464
1999	9148.708883	90.763948	-0.167002	3.795181	26.056424
2001	9150.781508	90.456507	-0.199904	3.793590	25.034219
2003	9152.854717	90.289858	-0.016610	3.788013	25.769749
2005	9154.927935	90.439153	-0.213682	3.788967	25.788851
2007	9156.999959	90.052720	-0.057823	3.787912	25.504733
2009	9159.070526	89.789633	-0.421003	3.790659	25.243898
2011	9161.141025	89.782428	-0.363899	3.792694	25.116887
2013	9163.211618	90.148668	-0.398838	3.793516	25.373619
2015	9165.283053	90.056895	-0.142109	3.795595	25.303024
2017	9167.354492	89.953497	-0.211401	3.794045	25.688108
2019	9169.426834	89.757301	-0.044883	3.790360	24.157724
2021	9171.498613	89.688554	-0.171446	3.792926	24.951302
2023	9173.570194	89.532144	-0.140941	3.792448	24.939150
2025	9175.641767	89.720104	-0.157376	3.790516	25.006147
2027	9177.713409	89.493636	-0.189715	3.791686	25.792069
2029	9179.785782	89.019937	-0.224050	3.791245	24.745033
2031	9181.858605	88.734310	-0.560405	3.789164	26.134222
2033	9183.931763	88.420108	-0.370042	3.792941	24.196683
2035	9186.004529	88.677833	-0.526913	3.791605	24.425834
2037	9188.076108	89.034758	-0.335162	3.791742	24.201492
2039	9190.147262	88.683486	-0.143472	3.789713	23.792169
2041	9192.217446	88.585187	-0.287860	3.788275	24.581137
2043	9194.287961	88.394883	-0.166817	3.788569	25.314859
2045	9196.359459	88.149321	-0.084572	3.789082	23.582248
2047	9198.431147	88.308505	-0.096379	3.790191	25.772752
2049	9200.503747	88.141801	-0.084816	3.788450	25.412588
2051	9202.576033	87.738006	-0.278005	3.789422	23.935773
2053	9204.648839	87.578329	-0.430294	3.788848	24.457633
2055	9206.720871	87.404091	-0.288363	3.791090	25.645211
2059	9210.864121	87.114168	0.024574	3.788967	23.887014
2061	9212.935440	87.029102	0.077645	3.787354	23.920727
2063	9215.006401	87.304355	-0.076252	3.788231	23.812879
2065	9217.077700	87.194730	-0.150434	3.791595	23.640812
2067	9219.148563	87.348482	0.108195	3.792327	23.449391
2069	9221.219605	87.533979	0.026046	3.793999	22.681309
2071	9223.291728	87.178550	-0.124884	3.793885	23.122664
2073	9225.364628	86.928452	-0.117359	3.790426	23.259563
2075	9227.437502	86.827526	0.044354	3.786888	22.940174
2077	9229.510000	86.766790	0.073546	3.785879	24.107730
2079	9231.582291	86.578140	-0.007643	3.788760	23.772776
2081	9233.653926	86.534130	-0.001195	3.786593	23.054982
2083	9235.725030	86.067627	-0.197124	3.790071	22.854105
2085	9237.795253	86.057406	-0.408582	3.786636	23.437013
2087	9239.866124	86.088323	-0.340710	3.789697	23.554061
2091	9244.009039	86.331762	0.037811	3.790615	22.768075
2093	9246.080582	86.050454	0.066319	3.792283	22.850402
2095	9248.152050	86.107082	-0.178237	3.789459	23.982273
2097	9250.223942	85.721307	-0.001497	3.791219	23.476299
2099	9252.296125	85.539210	-0.275720	3.788570	23.105614
2101	9254.368306	85.245650	-0.320835	3.788865	23.629350
2103	9256.440873	85.083652	-0.414497	3.788643	22.791719
2105	9258.513652	84.791608	-0.181215	3.791976	22.427855
2109	9262.657817	85.289149	0.134341	3.789364	22.249000
2111	9264.728746	85.079752	-0.068836	3.788792	22.466726
2113	9266.799766	85.106261	-0.152142	3.786391	22.505454
2115	9268.870256	84.847444	0.017101	3.787237	22.347092
2117	9270.940400	84.819106	0.086219	3.785526	22.408341
2119	9273.012086	84.833505	-0.011356	3.788755	21.857573
2121	9275.083281	84.888654	0.035988	3.789077	22.579156
2123	9277.155574	84.764079	-0.198200	3.788455	22.272149
2125	9279.227781	84.353447	-0.057078	3.789517	21.765301
2127	9281.299945	84.195128	-0.330862	3.787389	21.840281
2129	9283.371866	83.978872	0.112778	3.788139	21.744624
2131	9285.443593	83.779399	-0.103042	3.789535	23.075054
2133	9287.515415	83.977738	-0.245293	3.787723	21.790780
2135	9289.586250	83.846529	-0.333988	3.787441	22.343131
2137	9291.657758	83.850151	0.139741	3.788708	21.511944
2139	9293.729095	84.176598	0.031029	3.789913	22.166981
2141	9295.800400	84.017915	0.006456	3.790474	21.562897
2143	9297.871614	83.849711	0.146838	3.789034	22.009020
2145	9299.943920	83.768044	0.005306	3.790221	21.173626
2147	9302.016382	83.366798	-0.053084	3.789095	21.546074
2149	9304.088740	83.030091	-0.068304	3.787707	21.893170
2151	9306.161731	83.105011	-0.081925	3.786167	20.984743
2153	9308.233959	83.030843	-0.032504	3.785877	21.389935
2155	9310.305941	83.111746	-0.003767	3.786482	21.079048
2157	9312.377838	82.916179	-0.392740	3.785545	21.371406
2159	9314.448869	82.861749	-0.078373	3.786188	21.057185
2161	9316.519881	82.501536	-0.411319	3.786855	21.773241
2163	9318.590893	82.292012	-0.330578	3.788764	21.363053
2165	9320.662290	82.348013	-0.444221	3.787665	20.412153
2169	9324.804819	82.374570	-0.134414	3.786907	20.980474
2171	9326.876001	82.137091	-0.467096	3.787023	20.784589
2173	9328.948701	82.037643	-0.448532	3.787173	20.489152
2175	9331.020581	81.883288	-0.505773	3.786460	21.248521
2179	9335.165074	81.639306	-0.501901	3.787027	20.323381
2181	9337.236900	81.584917	-0.520239	3.787098	21.041024
2183	9339.309279	81.673145	-0.522609	3.787144	20.839524
2185	9341.381309	81.841141	-0.366142	3.787520	20.280484
2187	9343.453014	81.756651	-0.045878	3.786922	20.423013
2189	9345.523798	81.649270	-0.179368	3.786416	20.843832
2191	9347.594615	81.578058	-0.141081	3.782998	20.276125
2193	9349.665369	81.367272	-0.037908	3.782981	20.231900
2195	9351.736333	81.217700	-0.138462	3.784990	20.301013
2197	9353.807187	81.288599	-0.096400	3.786159	19.945858
2199	9355.878432	81.253922	-0.189775	3.786122	19.942386
2201	9357.949846	81.201964	0.006780	3.785405	19.520002
2203	9360.021401	81.228472	-0.187746	3.786947	20.027550
2205	9362.093140	81.186736	-0.410432	3.786188	19.886528
2207	9364.164827	80.921890	-0.298846	3.787566	20.242980
2209	9366.236210	80.963869	-0.273308	3.785836	19.848810
2211	9368.308039	80.806520	-0.444581	3.786395	19.972080
2213	9370.379765	80.614376	-0.343214	3.787448	20.259882
2215	9372.451262	80.682238	-0.474835	3.786622	20.754988
2217	9374.522115	80.739984	-0.322979	3.787469	19.984743
2219	9376.594071	80.606770	-0.247523	3.786663	19.140509
2221	9378.665374	80.392507	-0.333492	3.787603	19.952467
2223	9380.737170	80.249004	-0.292586	3.786657	20.330425
2225	9382.809595	80.136571	-0.425806	3.785914	19.240281
2227	9384.881291	79.831818	-0.321489	3.785517	19.653503
2229	9386.953793	79.731380	-0.220071	3.782137	18.662000
2231	9389.025959	79.570282	-0.421388	3.783488	18.930419
2233	9391.098595	79.649588	-0.465632	3.781943	19.317229
2235	9393.171354	79.629306	-0.291693	3.780507	19.108019
2237	9395.242730	79.530074	-0.452871	3.783197	18.825021
2239	9397.314392	79.423471	-0.350761	3.780716	19.311447
2241	9399.386249	79.239650	-0.760326	3.782119	19.165108
2243	9401.457659	79.097798	-0.854222	3.782236	18.833865
2245	9403.528374	78.893247	-0.879008	3.782797	19.514096
2249	9407.671507	78.482524	-0.528959	3.783839	19.096268
2251	9409.743445	78.613341	-0.852580	3.783723	18.858694
2253	9411.814885	78.434068	-0.712410	3.784495	19.053076
2257	9415.958274	78.511345	-0.559427	3.782468	19.657325
2259	9418.030410	78.362893	-0.689223	3.784499	18.569625
2261	9420.102398	78.202395	-0.739610	3.784347	18.578298
2263	9422.174171	78.162202	-0.893073	3.782925	18.751251
2265	9424.246167	78.297796	-0.856066	3.782367	19.409193
2267	9426.317919	78.395839	-0.467547	3.781737	18.127147
2269	9428.388940	78.468587	-0.713678	3.782022	18.720071
2271	9430.459835	78.268426	-0.723912	3.780217	18.053742
2273	9432.530972	77.980022	-0.588345	3.780294	18.476556
2275	9434.601961	78.046822	-0.563952	3.780509	18.252845
2277	9436.672906	77.956201	-0.699342	3.778891	18.833117
2279	9438.743445	77.816662	-0.618559	3.780064	18.505017
2281	9440.814080	77.789278	-0.562159	3.781081	18.782372
2283	9442.885338	77.539019	-0.645738	3.782513	18.796628
2285	9444.957112	77.812408	-0.805028	3.782229	18.085276
2287	9447.028499	77.743160	-0.674134	3.781605	18.637416
2289	9449.100040	77.649969	-0.815867	3.782530	17.836845
2291	9451.171703	77.568582	-0.837149	3.782353	18.179766
2293	9453.242625	77.523175	-0.641573	3.782145	18.437888
2295	9455.314401	77.430772	-0.626180	3.781640	18.268743
2297	9457.386342	77.183801	-0.740036	3.782973	17.710836
2299	9459.457930	77.149725	-0.876668	3.782396	17.944535
2301	9461.529269	77.042027	-0.746802	3.782327	18.497785
2303	9463.601108	77.067337	-0.638075	3.781503	17.827728
2305	9465.672990	76.913101	-0.868639	3.781029	18.243582
2307	9467.744751	76.642608	-0.603041	3.779201	17.711717
2309	9469.816965	76.497153	-0.805640	3.780284	17.461552
2311	9471.889538	76.437488	-0.784997	3.778505	17.506209
2313	9473.961342	76.371620	-0.974373	3.778247	17.294986
2315	9476.034190	76.323333	-0.794318	3.776706	17.050190
2317	9478.106171	76.488827	-0.964899	3.776616	16.990138
2319	9480.178455	76.317829	-1.062861	3.776146	17.371653
2321	9482.249932	76.233497	-1.030086	3.776514	18.190119
2323	9484.321272	76.053249	-0.963798	3.777473	17.476191
2325	9486.393077	75.895240	-0.968654	3.777656	17.960154
2327	9488.464626	75.803306	-1.166500	3.777052	17.412832
2329	9490.536002	75.603305	-1.132743	3.778055	17.278190
2331	9492.607302	75.609369	-1.239209	3.777238	17.486536
2335	9496.750648	75.485095	-0.891088	3.776561	17.379543
2337	9498.822337	75.562308	-0.936054	3.776192	16.712921
2339	9500.894010	75.305579	-1.096315	3.777701	17.372500
2341	9502.966229	75.245391	-1.061249	3.777927	17.231442
2343	9505.037576	75.379218	-1.180906	3.776187	17.103341
2345	9507.109226	75.489284	-0.987483	3.776149	16.724439
2347	9509.180768	75.360497	-1.141119	3.775864	16.851289
2349	9511.252036	75.200797	-1.176652	3.775066	16.710142
2351	9513.323004	75.085479	-1.141750	3.774321	16.767777
2353	9515.393778	74.778241	-1.027415	3.773633	16.393496
2355	9517.464436	74.766568	-1.186980	3.774136	16.842150
2357	9519.535375	74.600111	-1.052674	3.774040	17.105616
2359	9521.606618	74.585707	-1.143676	3.773520	16.268398
2361	9523.678052	74.506729	-1.085962	3.775206	16.652771
2363	9525.748597	74.539565	-0.981101	3.773849	16.719525
2365	9527.820138	74.489206	-1.182354	3.774889	16.686784
2367	9529.890979	74.555300	-1.031599	3.774484	15.762035
2369	9531.962734	74.310318	-1.095704	3.774826	16.921032
2371	9534.034396	74.174225	-1.128776	3.775508	16.687622
2373	9536.105999	74.256255	-1.257284	3.775051	15.785267
2375	9538.177522	74.200796	-1.249960	3.774859	16.322292
2377	9540.249092	74.064596	-1.084700	3.774210	16.598639
2379	9542.320712	73.872445	-1.144941	3.774639	16.136289
2381	9544.392529	73.893355	-1.295108	3.773792	16.059343
2383	9546.463991	73.686309	-1.222754	3.773316	16.014396
2385	9548.536458	73.725830	-1.152716	3.770112	16.130434
2387	9550.608510	73.704112	-1.301696	3.771242	16.296703
2389	9552.680244	73.402828	-1.261646	3.770085	15.617071
2391	9554.752141	73.476834	-1.204963	3.769032	16.033231
2393	9556.824982	73.242390	-1.429614	3.768669	15.527131
2395	9558.897046	73.248586	-1.272115	3.768282	15.703402
2397	9560.968980	73.340059	-1.442033	3.768137	16.050231
2399	9563.040629	73.200596	-1.333487	3.768867	16.008814
2401	9565.112367	73.172609	-1.539441	3.768236	16.107697
2403	9567.184169	72.968242	-1.445071	3.768842	15.412566
2405	9569.255536	73.069009	-1.293489	3.767586	15.959586
2407	9571.327196	72.844594	-1.641820	3.768048	15.861976
2409	9573.398764	72.708856	-1.712786	3.767573	15.629764
2411	9575.470290	72.623803	-1.513111	3.768925	16.050894
2413	9577.541854	72.387441	-1.587208	3.768397	15.653635
2415	9579.613204	72.713742	-1.342174	3.766654	15.715524
2417	9581.685295	72.433134	-1.682520	3.766896	15.823604
2419	9583.756378	72.667793	-1.429613	3.765992	15.747160
2421	9585.827620	72.464524	-1.729093	3.766215	15.871678
2423	9587.899123	72.518740	-1.674571	3.765415	15.010279
2425	9589.970209	72.279853	-1.597312	3.765175	15.007582
2427	9592.041414	72.287726	-1.457655	3.764463	15.229278
2429	9594.112223	72.178286	-1.441339	3.761429	15.345839
2431	9596.183635	71.937776	-1.583580	3.764002	15.197094
2433	9598.254526	71.809040	-1.560365	3.764213	15.436108
2435	9600.325174	71.824307	-1.621205	3.764548	15.331499
2437	9602.396014	71.764074	-1.727922	3.764328	15.025935
2439	9604.467769	71.758120	-1.777652	3.765321	15.196773
2441	9606.538843	71.775566	-1.775428	3.764778	15.211602
2443	9608.610093	71.572333	-1.722722	3.764596	15.149694
2445	9610.681751	71.495876	-1.733084	3.765336	15.034973
2447	9612.752785	71.467183	-1.702405	3.764125	14.729513
2449	9614.823904	71.445867	-1.824756	3.764123	15.285893
2451	9616.896177	71.386486	-1.841173	3.763720	14.700303
2453	9618.967858	71.205659	-1.855087	3.764175	15.057004
2455	9621.039236	71.238498	-1.690417	3.762580	15.409902
2457	9623.110947	71.079231	-1.917823	3.761798	14.837527
2459	9625.183380	70.941643	-1.800447	3.761135	14.735432
2461	9627.254557	70.925386	-1.676810	3.760466	14.872667
2463	9629.327175	70.811293	-1.809446	3.759441	14.407229
2465	9631.399510	70.828673	-1.732800	3.758819	14.998514
2467	9633.471365	70.826086	-1.915176	3.758088	14.735928
2469	9635.542521	70.802798	-1.758254	3.756007	15.010648
2471	9637.615422	70.684278	-1.727573	3.755816	14.282400
2473	9639.686433	70.564250	-1.880673	3.757005	14.415105
2475	9641.758677	70.637385	-2.051338	3.757071	14.311899
2477	9643.829965	70.463957	-1.952252	3.757785	14.536184
2479	9645.901630	70.381241	-1.956562	3.757321	14.976337
2481	9647.972743	70.340516	-1.956786	3.757180	14.508675
2483	9650.044240	70.246030	-1.951763	3.756658	14.236725
2485	9652.116305	70.197881	-2.057625	3.756872	13.938876
2487	9654.187850	70.173574	-2.188678	3.755984	14.450718
2489	9656.258657	70.151110	-1.883412	3.755702	14.536425
2491	9658.330795	70.062711	-2.220854	3.755213	14.286411
2493	9660.401929	69.974056	-2.075724	3.755022	14.518210
2495	9662.472891	69.907662	-2.046893	3.754732	14.120003
2497	9664.544440	69.755132	-2.074519	3.753887	14.400078
2499	9666.615616	69.755395	-2.195184	3.753102	14.041036
2501	9668.686314	69.657834	-2.149391	3.753305	14.010012
2503	9670.757159	69.531007	-2.169581	3.753016	14.177139
2505	9672.828126	69.447135	-2.225894	3.752707	13.841236
2507	9674.899230	69.431044	-2.103543	3.753410	14.164243
2509	9676.970045	69.280362	-2.127776	3.753450	13.884040
2511	9679.040964	69.156203	-2.137421	3.753178	14.050706
2513	9681.112470	69.163936	-2.139696	3.752810	13.658891
2515	9683.183771	69.224813	-2.101425	3.752041	14.261723
2517	9685.254443	69.136166	-2.113804	3.752010	13.845590
2519	9687.326444	68.932208	-1.977317	3.751550	13.612119
2521	9689.398178	69.102751	-2.310579	3.750462	13.830777
2523	9691.469473	68.916003	-2.332023	3.750995	13.761434
2525	9693.541060	68.747068	-2.176458	3.750190	14.360982
2527	9695.613128	68.692381	-2.376346	3.749757	13.780174
